State_UT,year,Primary_Boys,Primary_Girls,Primary_Total,UP_Boys,Upper Primary_Girls,Upper Primary_Total,Total_priamary,2013-14,2014-15
0,2012-13,0.83,0.51,0.68,4.29,1.09,1.23,1.295,0,0
0,2013-14,1.35,1.06,1.21,4.29,1.54,0.51,1.465,1,0
0,2014-15,0.47,0.55,0.51,1.44,1.95,1.69,1.355,0,1
2,2012-13,3.3,3.05,3.18,3.21,3.51,3.36,4.86,0,0
2,2013-14,4.31,4.39,4.35,3.46,4.12,3.78,6.239999999999998,1,0
2,2014-15,6.57,6.89,6.72,5.09,5.32,5.2,9.32,0,1
2,2013-14,11.54,10.22,10.89,4.44,6.74,5.59,13.685,1,0
2,2012-13,15.84,14.44,15.16,5.86,9.06,7.47,18.895,0,0
2,2014-15,11.51,10.09,10.82,5.31,8.08,6.71,14.175,0,1
3,2012-13,7.02,5.46,6.24,7.89,6.55,7.2,9.84,0,0
3,2013-14,8.19,6.68,7.44,7.6,6.54,7.05,10.965,1,0
3,2014-15,16.07,14.65,15.36,10.45,10.56,10.51,20.615,0,1
4,2012-13,4.29,4.01,4.15,4.29,4.16,3.83,6.065,0,0
4,2013-14,2.38,1.79,2.09,2.77,3.19,2.98,3.58,1,0
4,2014-15,0.35,4.01,4.15,4.14,4.01,4.08,6.19,0,1
5,2012-13,4.29,4.01,4.15,4.29,0.88,0.1,4.2,0,0
5,2013-14,4.29,4.01,4.15,0.72,1.55,1.08,4.69,1,0
5,2014-15,4.29,4.01,4.15,0.01,0.96,0.44,4.37,0,1
6,2012-13,4.24,4.05,4.14,6.09,4.73,5.42,6.85,0,0
6,2013-14,1.45,1.38,1.42,4.09,3.51,3.8,3.32,1,0
6,2014-15,3.08,2.74,2.91,6.47,5.22,5.85,5.835,0,1
7,2012-13,4.29,0.47,4.15,2.59,4.3,3.38,5.84,0,0
7,2013-14,1.05,2.17,1.57,3.31,5.09,4.13,3.635,1,0
7,2014-15,1.6,1.31,1.47,3.7,4.4,4.02,3.4799999999999995,0,1
8,2012-13,4.29,4.01,4.15,4.29,4.16,3.83,6.065,0,0
8,2013-14,1.06,0.59,0.85,3.42,3.72,3.56,2.63,1,0
8,2014-15,1.8,0.29,1.11,3.14,3.07,3.11,2.665,0,1
9,2012-13,4.29,4.01,4.15,4.29,0.31,3.83,6.065,0,0
9,2013-14,4.29,4.01,4.15,3.13,2.37,2.78,5.54,1,0
9,2014-15,4.29,4.01,4.15,0.95,0.55,0.76,4.53,0,1
10,2012-13,4.29,0.26,4.15,4.29,4.16,3.83,6.065,0,0
10,2013-14,0.08,0.33,0.2,4.29,4.16,3.83,2.115,1,0
10,2014-15,0.63,0.84,0.73,4.29,0.21,0.07,0.765,0,1
11,2012-13,0.21,1.35,0.74,2.75,8.19,5.2,3.34,0,0
11,2013-14,0.5,1.06,0.76,3.52,8.04,5.55,3.535,1,0
11,2014-15,0.82,0.98,0.89,4.65,8.54,6.41,4.095,0,1
12,2012-13,1.48,1.06,1.29,0.18,0.8,0.46,1.52,0,0
12,2013-14,0.22,0.63,0.41,1.97,3.25,2.55,1.6849999999999998,1,0
12,2014-15,5.54,5.69,5.61,5.5,6.18,5.81,8.515,0,1
2,2012-13,0.51,0.39,0.45,0.52,0.49,0.51,0.7050000000000001,0,0
2,2013-14,0.57,0.34,0.46,0.6,0.98,0.78,0.8500000000000001,1,0
2,2014-15,0.46,0.83,0.64,0.5,1.27,0.87,1.075,0,1
26,2012-13,6.8,5.75,6.3,5.51,5.52,5.52,9.06,0,0
26,2013-14,5.53,5.37,5.46,3.86,4.8,4.3,7.6099999999999985,1,0
26,2014-15,6.98,6.59,6.79,4.98,5.95,5.44,9.51,0,1
13,2012-13,7.36,7.05,7.21,4.99,5.94,5.47,9.945,0,0
13,2013-14,6.89,5.91,6.41,7.19,7.65,7.42,10.12,1,0
13,2014-15,5.91,5.03,5.48,9.01,8.96,8.99,9.975,0,1
14,2012-13,3.4,2.51,2.97,4.96,5.15,5.05,5.495,0,0
14,2013-14,2.42,2.21,2.32,2.31,2.73,2.51,3.575,1,0
14,2014-15,2.03,2.01,2.02,3.46,4.27,3.85,3.945,0,1
15,2012-13,4.29,4.01,4.15,4.29,4.16,3.83,6.065,0,0
15,2013-14,4.29,4.01,4.15,4.29,4.16,3.83,6.065,1,0
15,2014-15,4.29,4.01,4.15,4.29,4.16,3.83,6.065,0,1
16,2012-13,2.3,2.71,2.5,0.97,4.16,0.29,2.645,0,0
16,2013-14,4.29,4.01,4.15,1.16,2.5,1.86,5.08,1,0
16,2014-15,4.29,4.01,4.15,2.37,3.18,2.78,5.54,0,1
2,2012-13,5.75,6.49,6.11,6.79,10.27,8.53,10.375,0,0
2,2013-14,9.91,10.4,10.14,9.88,13.57,11.7,15.99,1,0
2,2014-15,6.48,6.72,6.59,7.78,10.7,9.2,11.19,0,1
17,2012-13,0.88,1.06,0.97,0.89,2.72,1.74,1.84,0,0
17,2013-14,0.51,0.59,0.55,4.29,1.5,0.61,0.855,1,0
17,2014-15,1.26,1.25,1.26,0.89,2.83,1.79,2.155,0,1
18,2012-13,10.24,9.48,9.86,5.48,6.65,6.06,12.89,0,0
18,2013-14,17.27,18.74,18.0,7.48,6.54,7.02,21.51,1,0
18,2014-15,9.5,9.83,9.66,3.61,4.8,4.2,11.76,0,1
19,2012-13,11.32,8.96,10.14,8.43,7.34,7.85,14.065,0,0
19,2013-14,11.3,9.39,10.34,6.34,7.28,6.84,13.76,1,0
19,2014-15,10.35,8.56,9.46,6.77,6.3,6.52,12.72,0,1
20,2013-14,12.57,13.38,12.96,6.61,5.39,6.02,15.97,1,0
20,2014-15,10.17,10.03,10.1,5.46,4.06,4.78,12.49,0,1
2,2012-13,7.11,7.03,7.07,10.15,9.51,9.83,11.985,0,0
2,2014-15,6.18,5.02,5.61,7.87,7.97,7.92,9.57,0,1
21,2012-13,3.63,3.49,3.56,4.1,3.52,3.81,5.465,0,0
21,2013-14,2.83,3.05,2.94,3.11,2.48,2.8,4.34,1,0
21,2014-15,2.91,2.81,2.86,4.11,3.49,3.81,4.765,0,1
22,2012-13,0.25,0.43,0.34,0.33,1.05,0.68,0.68,0,0
22,2013-14,0.76,0.57,0.66,0.37,0.83,0.6,0.96,1,0
23,2012-13,1.99,1.98,1.99,2.58,3.04,2.78,3.38,0,0
23,2013-14,1.35,1.21,1.29,2.52,3.27,2.85,2.715,1,0
23,2014-15,2.89,3.25,3.05,2.95,3.55,3.22,4.66,0,1
24,2012-13,7.2,8.85,7.97,2.86,6.34,4.42,10.18,0,0
24,2013-14,7.76,9.12,8.39,4.49,7.95,6.03,11.405,1,0
24,2014-15,5.02,5.02,5.02,2.54,3.73,3.07,6.555,0,1
25,2012-13,4.78,2.31,3.6,2.6,3.64,3.15,5.175,0,0
25,2013-14,5.55,3.49,4.57,6.35,3.98,5.14,7.1400000000000015,1,0
25,2014-15,3.75,0.62,2.27,2.07,1.08,1.57,3.055,0,1
26,2012-13,4.02,4.1,4.06,0.38,2.13,1.24,4.68,0,0
26,2013-14,0.53,0.39,0.46,4.38,4.67,4.52,2.72,1,0
26,2014-15,4.29,4.01,4.15,4.29,4.16,3.83,6.065,0,1
27,2013-14,6.04,5.57,5.81,4.63,4.79,4.71,8.165,1,0
27,2014-15,2.21,1.94,2.08,2.43,2.17,2.3,3.23,0,1
28,2012-13,2.31,2.11,2.22,3.1,3.07,3.08,3.76,0,0
28,2013-14,3.63,3.52,3.58,3.21,2.2,2.72,4.94,1,0
28,2014-15,1.37,1.19,1.28,2.37,1.61,1.99,2.275,0,1
2,2012-13,10.53,10.03,10.28,4.29,3.1,1.06,10.81,0,0
2,2013-14,7.91,6.21,7.08,4.29,2.43,0.53,7.345,1,0
2,2014-15,9.08,8.04,8.58,0.78,4.61,2.7,9.93,0,1
29,2012-13,1.14,1.18,1.16,4.29,1.0,0.13,1.225,0,0
29,2013-14,3.28,2.83,3.07,1.78,1.57,1.68,3.91,1,0
29,2014-15,4.37,3.67,4.04,0.79,1.62,1.19,4.635,0,1
30,2012-13,6.88,5.71,6.3,6.29,4.16,5.18,8.89,0,0
30,2013-14,3.44,2.37,2.91,5.63,3.1,4.31,5.065,1,0
30,2014-15,2.13,0.79,1.47,5.84,2.88,4.3,3.62,0,1
1,2012-13,4.68,4.66,4.67,2.3,4.01,3.13,6.2349999999999985,0,0
1,2013-14,4.53,4.14,4.34,3.09,4.49,3.77,6.225,1,0
1,2014-15,4.36,3.88,4.13,3.49,4.6,4.03,6.145,0,1
